TRAIN EVAL
==========
2541
              precision    recall  f1-score   support

           0       0.89      0.97      0.93      1552
           1       0.94      0.82      0.87       989

    accuracy                           0.91      2541
   macro avg       0.91      0.89      0.90      2541
weighted avg       0.91      0.91      0.91      2541


PARAMS
======
clf__alpha 0.01
clf__max_iter 1000
clf__penalty l2
clf__random_state 42


PRECISION RECALL ETC CURVE METRICS
==================================

    threshold  recall  precision     f1  fbeta  b_acc
11       0.22   0.916      0.766  0.834  0.881  0.869
12       0.24   0.909      0.786  0.843  0.881  0.876
10       0.20   0.920      0.745  0.824  0.879  0.860
13       0.26   0.899      0.799  0.846  0.877  0.877
14       0.28   0.893      0.815  0.852  0.876  0.882
9        0.18   0.923      0.722  0.810  0.874  0.848
15       0.30   0.886      0.830  0.857  0.874  0.885
16       0.32   0.882      0.843  0.862  0.874  0.889
8        0.16   0.929      0.700  0.799  0.872  0.838
17       0.34   0.876      0.857  0.866  0.872  0.891
18       0.36   0.866      0.868  0.867  0.866  0.891
7        0.14   0.934      0.670  0.780  0.866  0.821
19       0.38   0.858      0.878  0.868  0.862  0.891
20       0.40   0.853      0.890  0.871  0.861  0.893
6        0.12   0.942      0.637  0.760  0.860  0.800
21       0.42   0.847      0.898  0.872  0.857  0.893
5        0.10   0.957      0.600  0.738  0.855  0.775
22       0.44   0.839      0.909  0.873  0.852  0.893
23       0.46   0.833      0.920  0.874  0.849  0.893
24       0.48   0.824      0.934  0.875  0.844  0.893
4        0.08   0.965      0.552  0.702  0.839  0.733
25       0.50   0.816      0.937  0.872  0.838  0.891
26       0.52   0.804      0.944  0.868  0.828  0.887
27       0.54   0.793      0.953  0.865  0.820  0.884
3        0.06   0.972      0.504  0.664  0.820  0.682
28       0.56   0.787      0.962  0.865  0.816  0.883
29       0.58   0.774      0.966  0.859  0.806  0.878
30       0.60   0.767      0.972  0.858  0.801  0.877
2        0.04   0.981      0.450  0.617  0.793  0.608
31       0.62   0.755      0.974  0.851  0.791  0.871
32       0.64   0.745      0.975  0.845  0.782  0.866
1        0.02   0.993      0.407  0.578  0.771  0.536
33       0.66   0.726      0.974  0.832  0.765  0.857
0        0.00   1.000      0.389  0.560  0.761  0.500
34       0.68   0.719      0.974  0.827  0.759  0.853
35       0.70   0.706      0.976  0.819  0.747  0.847
36       0.72   0.692      0.979  0.810  0.735  0.841
37       0.74   0.674      0.982  0.800  0.720  0.833
38       0.76   0.662      0.986  0.792  0.709  0.828
39       0.78   0.642      0.988  0.778  0.690  0.818
40       0.80   0.622      0.987  0.763  0.672  0.808
41       0.82   0.610      0.990  0.755  0.660  0.803
42       0.84   0.597      0.992  0.745  0.648  0.797
43       0.86   0.579      0.991  0.731  0.632  0.788
44       0.88   0.567      0.991  0.722  0.620  0.782
45       0.90   0.549      0.993  0.707  0.603  0.773
46       0.92   0.528      0.996  0.690  0.583  0.763
47       0.94   0.499      0.998  0.666  0.555  0.749
48       0.96   0.454      0.998  0.624  0.510  0.727
49       0.98   0.364      0.997  0.533  0.417  0.682


OPTIMAL TRESHOLD (0.22) ON VALIDATION TEST
===================================

              precision    recall  f1-score   support

           0       0.94      0.82      0.88      1552
           1       0.77      0.92      0.83       989

    accuracy                           0.86      2541
   macro avg       0.85      0.87      0.86      2541
weighted avg       0.87      0.86      0.86      2541




TEST
====

target
0         657
1         432
Name: count, dtype: int64
              precision    recall  f1-score   support

           0       0.92      0.81      0.86       657
           1       0.76      0.90      0.82       432

    accuracy                           0.84      1089
   macro avg       0.84      0.85      0.84      1089
weighted avg       0.86      0.84      0.85      1089

fbeta 0.86